2.500000000000000052e-03
7.499999999999999722e-03
1.249999999999999896e-02
1.749999999999999820e-02
2.249999999999999570e-02
2.749999999999999667e-02
3.249999999999999417e-02
3.749999999999999167e-02
4.249999999999999611e-02
4.749999999999999362e-02
5.249999999999999112e-02
5.749999999999998862e-02
6.249999999999999306e-02
6.749999999999999056e-02
7.249999999999999500e-02
7.749999999999998557e-02
8.249999999999999001e-02
8.749999999999998057e-02
9.249999999999998501e-02
9.749999999999998945e-02
1.024999999999999800e-01
1.074999999999999845e-01
1.124999999999999889e-01
1.174999999999999795e-01
1.224999999999999839e-01
1.274999999999999745e-01
1.324999999999999789e-01
1.374999999999999833e-01
1.424999999999999878e-01
1.474999999999999645e-01
1.524999999999999689e-01
1.574999999999999734e-01
1.624999999999999778e-01
1.674999999999999822e-01
1.724999999999999867e-01
1.774999999999999634e-01
1.824999999999999678e-01
1.874999999999999722e-01
1.924999999999999767e-01
1.974999999999999811e-01
2.024999999999999578e-01
2.074999999999999623e-01
2.124999999999999667e-01
2.174999999999999711e-01
2.224999999999999756e-01
2.274999999999999523e-01
2.324999999999999567e-01
2.374999999999999611e-01
2.424999999999999656e-01
2.474999999999999700e-01
2.524999999999999467e-01
2.574999999999999512e-01
2.624999999999999556e-01
2.674999999999999600e-01
2.724999999999999645e-01
2.774999999999999689e-01
2.824999999999999734e-01
2.874999999999999778e-01
2.924999999999999822e-01
2.974999999999999312e-01
3.024999999999999356e-01
3.074999999999999400e-01
3.124999999999999445e-01
3.174999999999999489e-01
3.224999999999999534e-01
3.274999999999999578e-01
3.324999999999999623e-01
3.374999999999999667e-01
3.424999999999999711e-01
3.474999999999999201e-01
3.524999999999999245e-01
3.574999999999999289e-01
3.624999999999999334e-01
3.674999999999999378e-01
3.724999999999999423e-01
3.774999999999999467e-01
3.824999999999999512e-01
3.874999999999999556e-01
3.924999999999999600e-01
3.974999999999999645e-01
4.024999999999999134e-01
4.074999999999999178e-01
4.124999999999999223e-01
4.174999999999999267e-01
4.224999999999999312e-01
4.274999999999999356e-01
4.324999999999999400e-01
4.374999999999999445e-01
4.424999999999999489e-01
4.474999999999999534e-01
4.524999999999999578e-01
4.574999999999999067e-01
4.624999999999999112e-01
4.674999999999999156e-01
4.724999999999999201e-01
4.774999999999999245e-01
4.824999999999999289e-01
4.874999999999999334e-01
4.924999999999999378e-01
4.974999999999999423e-01
5.024999999999999467e-01
5.074999999999999512e-01
5.124999999999999556e-01
5.174999999999999600e-01
5.224999999999999645e-01
5.274999999999999689e-01
5.324999999999999734e-01
5.374999999999998668e-01
5.424999999999998712e-01
5.474999999999998757e-01
5.524999999999998801e-01
5.574999999999998845e-01
5.624999999999998890e-01
5.674999999999998934e-01
5.724999999999998979e-01
5.774999999999999023e-01
5.824999999999999067e-01
5.874999999999999112e-01
5.924999999999999156e-01
5.974999999999999201e-01
6.024999999999999245e-01
6.074999999999999289e-01
6.124999999999999334e-01
6.174999999999999378e-01
6.224999999999999423e-01
6.274999999999999467e-01
6.324999999999999512e-01
6.374999999999999556e-01
6.424999999999998490e-01
6.474999999999998535e-01
6.524999999999998579e-01
6.574999999999998623e-01
6.624999999999998668e-01
6.674999999999998712e-01
6.724999999999998757e-01
6.774999999999998801e-01
6.824999999999998845e-01
6.874999999999998890e-01
6.924999999999998934e-01
6.974999999999998979e-01
7.024999999999999023e-01
7.074999999999999067e-01
7.124999999999999112e-01
7.174999999999999156e-01
7.224999999999999201e-01
7.274999999999999245e-01
7.324999999999999289e-01
7.374999999999999334e-01
7.424999999999999378e-01
7.474999999999998312e-01
7.524999999999998357e-01
7.574999999999998401e-01
7.624999999999998446e-01
7.674999999999998490e-01
7.724999999999998535e-01
7.774999999999998579e-01
7.824999999999998623e-01
7.874999999999998668e-01
7.924999999999998712e-01
7.974999999999998757e-01
8.024999999999998801e-01
8.074999999999998845e-01
8.124999999999998890e-01
8.174999999999998934e-01
8.224999999999998979e-01
8.274999999999999023e-01
8.324999999999999067e-01
8.374999999999999112e-01
8.424999999999999156e-01
8.474999999999999201e-01
8.524999999999999245e-01
8.574999999999998179e-01
8.624999999999998224e-01
8.674999999999998268e-01
8.724999999999998312e-01
8.774999999999998357e-01
8.824999999999998401e-01
8.874999999999998446e-01
8.924999999999998490e-01
8.974999999999998535e-01
9.024999999999998579e-01
9.074999999999998623e-01
9.124999999999998668e-01
9.174999999999998712e-01
9.224999999999998757e-01
9.274999999999998801e-01
9.324999999999998845e-01
9.374999999999998890e-01
9.424999999999998934e-01
9.474999999999998979e-01
9.524999999999999023e-01
9.574999999999999067e-01
9.624999999999998002e-01
9.674999999999998046e-01
9.724999999999998090e-01
9.774999999999998135e-01
9.824999999999998179e-01
9.874999999999998224e-01
9.924999999999998268e-01
9.974999999999998312e-01
1.002499999999999947e+00
1.010000000000000009e+00
1.020000000000000018e+00
1.030000000000000027e+00
1.040000000000000036e+00
1.050000000000000044e+00
1.060000000000000053e+00
1.070000000000000062e+00
1.080000000000000071e+00
1.090000000000000080e+00
1.100000000000000089e+00
1.110000000000000098e+00
1.120000000000000107e+00
1.130000000000000115e+00
1.140000000000000124e+00
1.150000000000000133e+00
1.160000000000000142e+00
1.170000000000000151e+00
1.180000000000000160e+00
1.190000000000000169e+00
1.200000000000000178e+00
1.210000000000000187e+00
1.220000000000000195e+00
1.230000000000000204e+00
1.240000000000000213e+00
1.250000000000000222e+00
1.260000000000000231e+00
1.270000000000000240e+00
1.280000000000000249e+00
1.290000000000000258e+00
1.300000000000000266e+00
1.310000000000000275e+00
1.320000000000000284e+00
1.330000000000000293e+00
1.340000000000000302e+00
1.350000000000000311e+00
1.360000000000000320e+00
1.370000000000000329e+00
1.380000000000000338e+00
1.390000000000000346e+00
1.400000000000000355e+00
1.410000000000000364e+00
1.420000000000000373e+00
1.430000000000000382e+00
1.440000000000000391e+00
1.450000000000000400e+00
1.460000000000000409e+00
1.470000000000000417e+00
1.480000000000000426e+00
1.490000000000000435e+00
1.500000000000000444e+00
1.510000000000000453e+00
1.520000000000000462e+00
1.530000000000000471e+00
1.540000000000000480e+00
1.550000000000000488e+00
1.560000000000000497e+00
1.570000000000000506e+00
1.580000000000000515e+00
1.590000000000000524e+00
1.600000000000000533e+00
1.610000000000000542e+00
1.620000000000000551e+00
1.630000000000000560e+00
1.640000000000000568e+00
1.650000000000000577e+00
1.660000000000000586e+00
1.670000000000000595e+00
1.680000000000000604e+00
1.690000000000000613e+00
1.700000000000000622e+00
1.710000000000000631e+00
1.720000000000000639e+00
1.730000000000000648e+00
1.740000000000000657e+00
1.750000000000000666e+00
1.760000000000000675e+00
1.770000000000000684e+00
1.780000000000000693e+00
1.790000000000000702e+00
1.800000000000000711e+00
1.810000000000000719e+00
1.820000000000000728e+00
1.830000000000000737e+00
1.840000000000000746e+00
1.850000000000000755e+00
1.860000000000000764e+00
1.870000000000000773e+00
1.880000000000000782e+00
1.890000000000000790e+00
1.900000000000000799e+00
1.910000000000000808e+00
1.920000000000000817e+00
1.930000000000000826e+00
1.940000000000000835e+00
1.950000000000000844e+00
1.960000000000000853e+00
1.970000000000000862e+00
1.980000000000000870e+00
1.990000000000000879e+00
2.000000000000000888e+00
2.010000000000000675e+00
2.020000000000000906e+00
2.030000000000001137e+00
2.040000000000000924e+00
2.050000000000000711e+00
2.060000000000000941e+00
2.070000000000001172e+00
2.080000000000000959e+00
2.090000000000000746e+00
2.100000000000000977e+00
2.110000000000001208e+00
2.120000000000000995e+00
2.130000000000000782e+00
2.140000000000001013e+00
2.150000000000001243e+00
2.160000000000001030e+00
2.170000000000000817e+00
2.180000000000001048e+00
2.190000000000001279e+00
2.200000000000001066e+00
2.210000000000000853e+00
2.220000000000001084e+00
2.230000000000001315e+00
2.240000000000001101e+00
2.250000000000000888e+00
2.260000000000001119e+00
2.270000000000001350e+00
2.280000000000001137e+00
2.290000000000000924e+00
2.300000000000001155e+00
2.310000000000001386e+00
2.320000000000001172e+00
2.330000000000000959e+00
2.340000000000001190e+00
2.350000000000001421e+00
2.360000000000001208e+00
2.370000000000000995e+00
2.380000000000001226e+00
2.390000000000001457e+00
2.400000000000001243e+00
2.410000000000001030e+00
2.420000000000001261e+00
2.430000000000001492e+00
2.440000000000001279e+00
2.450000000000001066e+00
2.460000000000001297e+00
2.470000000000001528e+00
2.480000000000001315e+00
2.490000000000001101e+00
2.500000000000001332e+00
2.520000000000000018e+00
2.535000000000000142e+00
2.550000000000000266e+00
2.565000000000000391e+00
2.580000000000000515e+00
2.595000000000000639e+00
2.610000000000000764e+00
2.625000000000000888e+00
2.640000000000001013e+00
2.655000000000001137e+00
2.670000000000001261e+00
2.685000000000001386e+00
2.700000000000001510e+00
2.715000000000001634e+00
2.730000000000001759e+00
2.745000000000001883e+00
2.760000000000002007e+00
2.775000000000002132e+00
2.790000000000002256e+00
2.805000000000002380e+00
2.820000000000002505e+00
2.835000000000002629e+00
2.850000000000002753e+00
2.865000000000002878e+00
2.880000000000003002e+00
2.895000000000003126e+00
2.910000000000003251e+00
2.925000000000003375e+00
2.940000000000003499e+00
2.955000000000003624e+00
2.970000000000003748e+00
2.985000000000003872e+00
3.000000000000003997e+00
3.015000000000004121e+00
3.030000000000004245e+00
3.045000000000004370e+00
3.060000000000004494e+00
3.075000000000004619e+00
3.090000000000004743e+00
3.105000000000004867e+00
3.120000000000004992e+00
3.135000000000005116e+00
3.150000000000005240e+00
3.165000000000005365e+00
3.180000000000005489e+00
3.195000000000005613e+00
3.210000000000005738e+00
3.225000000000005862e+00
3.240000000000005986e+00
3.255000000000006111e+00
3.270000000000006235e+00
3.285000000000006359e+00
3.300000000000006484e+00
3.315000000000006608e+00
3.330000000000006732e+00
3.345000000000006857e+00
3.360000000000006981e+00
3.375000000000007105e+00
3.390000000000007230e+00
3.405000000000007354e+00
3.420000000000007478e+00
3.435000000000007603e+00
3.450000000000007727e+00
3.465000000000007851e+00
3.480000000000007976e+00
3.495000000000008100e+00
3.510000000000008225e+00
3.529999999999999805e+00
3.549999999999999822e+00
3.569999999999999840e+00
3.589999999999999858e+00
3.609999999999999876e+00
3.629999999999999893e+00
3.649999999999999911e+00
3.669999999999999929e+00
3.689999999999999947e+00
3.709999999999999964e+00
3.729999999999999982e+00
3.750000000000000000e+00
3.770000000000000018e+00
3.790000000000000036e+00
3.810000000000000053e+00
3.830000000000000071e+00
3.850000000000000089e+00
3.870000000000000107e+00
3.890000000000000124e+00
3.910000000000000142e+00
3.930000000000000160e+00
3.950000000000000178e+00
3.970000000000000195e+00
3.990000000000000213e+00
4.009999999999999787e+00
4.030000000000000249e+00
4.050000000000000711e+00
4.070000000000000284e+00
4.089999999999999858e+00
4.110000000000000320e+00
4.130000000000000782e+00
4.150000000000000355e+00
4.169999999999999929e+00
4.190000000000000391e+00
4.210000000000000853e+00
4.230000000000000426e+00
4.250000000000000000e+00
4.270000000000000462e+00
4.290000000000000924e+00
4.310000000000000497e+00
4.330000000000000071e+00
4.350000000000000533e+00
4.370000000000000995e+00
4.390000000000000568e+00
4.410000000000000142e+00
4.430000000000000604e+00
4.450000000000001066e+00
4.470000000000000639e+00
4.490000000000000213e+00
4.510000000000000675e+00
4.530000000000001137e+00
4.550000000000000711e+00
4.570000000000000284e+00
4.590000000000000746e+00
4.610000000000001208e+00
4.630000000000000782e+00
4.650000000000000355e+00
4.670000000000000817e+00
4.690000000000001279e+00
4.710000000000000853e+00
4.730000000000000426e+00
4.750000000000000888e+00
4.770000000000001350e+00
4.790000000000000924e+00
4.810000000000000497e+00
4.830000000000000959e+00
4.850000000000001421e+00
4.870000000000000995e+00
4.890000000000000568e+00
4.910000000000001030e+00
4.930000000000001492e+00
4.950000000000001066e+00
4.970000000000000639e+00
4.990000000000001101e+00
5.010000000000001563e+00
5.030000000000001137e+00
5.050000000000000711e+00
5.070000000000001172e+00
5.090000000000001634e+00
5.110000000000001208e+00
5.130000000000000782e+00
5.150000000000001243e+00
5.170000000000001705e+00
5.190000000000001279e+00
5.210000000000000853e+00
5.230000000000001315e+00
5.250000000000001776e+00
5.270000000000001350e+00
5.290000000000000924e+00
5.310000000000001386e+00
5.330000000000001847e+00
5.350000000000001421e+00
5.370000000000000995e+00
5.390000000000001457e+00
5.410000000000001918e+00
5.430000000000001492e+00
5.450000000000001066e+00
5.470000000000001528e+00
5.490000000000001990e+00
5.510000000000001563e+00
5.530000000000001137e+00
5.550000000000001599e+00
5.570000000000002061e+00
5.590000000000001634e+00
5.610000000000001208e+00
5.630000000000001670e+00
5.650000000000002132e+00
5.670000000000001705e+00
5.690000000000001279e+00
5.710000000000001741e+00
5.730000000000002203e+00
5.750000000000001776e+00
5.770000000000001350e+00
5.790000000000001812e+00
5.810000000000002274e+00
5.830000000000001847e+00
5.850000000000001421e+00
5.870000000000001883e+00
5.890000000000002345e+00
5.910000000000001918e+00
5.930000000000001492e+00
5.950000000000001954e+00
5.970000000000002416e+00
5.990000000000001990e+00
6.010000000000001563e+00
6.030000000000002025e+00
6.050000000000002487e+00
6.070000000000002061e+00
6.090000000000001634e+00
6.110000000000002096e+00
6.130000000000002558e+00
6.150000000000002132e+00
6.170000000000001705e+00
6.190000000000002167e+00
6.210000000000002629e+00
6.230000000000002203e+00
6.250000000000001776e+00
6.270000000000002238e+00
6.290000000000002700e+00
6.310000000000002274e+00
6.330000000000001847e+00
6.350000000000002309e+00
6.370000000000002771e+00
6.390000000000002345e+00
6.410000000000001918e+00
6.430000000000002380e+00
6.450000000000002842e+00
6.470000000000002416e+00
6.490000000000001990e+00
6.510000000000002451e+00
6.530000000000002913e+00
6.550000000000002487e+00
6.570000000000002061e+00
6.590000000000002522e+00
6.610000000000002984e+00
6.630000000000002558e+00
6.650000000000002132e+00
6.670000000000002593e+00
6.690000000000003055e+00
6.710000000000002629e+00
6.730000000000002203e+00
6.750000000000002665e+00
6.770000000000003126e+00
6.790000000000002700e+00
6.810000000000002274e+00
6.830000000000002736e+00
6.850000000000003197e+00
6.870000000000002771e+00
6.890000000000002345e+00
6.910000000000002807e+00
6.930000000000003268e+00
6.950000000000002842e+00
6.970000000000002416e+00
6.990000000000002878e+00
7.000000000000000000e+00
